Anaheim 354743 407 1408 27
Bakersfield 385609 811 4025 275
Compton 97775 424 362 58
Cupertino 61078 14 183 7
Davis 69486 44 232 9
Dixon 20472 14 35 4
Eastvale 64642 29 147 0
Fowler 6627 6 52 0
Galt 26548 21 66 6
Hemet 86047 144 574 29
Irvine 288052 53 621 9
Jackson 4752 3 27 3
Kerman 15128 21 84 0
Lafayette 26827 5 23 0
Merced 83659 116 387 62
Napa 80145 46 258 30
Oakdale 23504 18 109 4
Parlier 15356 18 108 9
Reedley 25809 10 91 6
Sanger 25287 13 110 2
Tracy 91988 61 261 17
Upland 77453 109 500 3
Visalia 134224 138 748 23
Waterford 9018 6 27 0
Yreka 7573 2 38 0
