Anaheim 353915 396 1123 44
Bakersfield 388080 701 3888 470
Compton 96638 427 334 44
Cupertino 60357 14 175 1
Davis 69767 44 274 4
Dixon 20775 14 35 3
Eastvale 66310 23 151 0
Fowler 6904 5 42 0
Galt 26796 15 71 7
Hemet 86082 121 757 21
Irvine 292673 66 574 9
Jackson 4797 0 15 9
Kerman 15223 4 58 0
Lafayette 26872 3 42 0
Merced 83854 103 396 70
Napa 79526 55 248 46
Oakdale 23808 9 99 0
Parlier 15384 9 24 7
Reedley 25740 12 69 5
Sanger 25443 15 59 0
Tracy 92895 62 156 14
Upland 77398 107 368 11
Visalia 134961 159 747 20
Waterford 9021 5 17 0
Yreka 7527 1 34 0
